1 01
2 11
2 11
1 11
5 31
3 01
4 11
7 11
4 81
2 31
7 81
4 111
11 21
4 61
6 81
13 21
3 41
6 51
18 51
15 21
14 91
18 161
15 61
5 21
5 81
4 11
18 91
20 91
24 211
29 11
17 141
29 231
31 91
26 81
25 271
17 171
10 231
4 91
3 101
6 211
23 01
40 31
10 81
41 71
11 221
22 01
44 41
6 371
44 221
23 111
6 471
36 471
30 401
38 241
54 291
13 81
23 121
2 541
28 181
18 581
1 461
10 601
58 531
47 11
57 391
60 331
37 521
56 251
28 631
18 61
15 511
10 131
49 341
39 291
10 151
3 81
16 761
3 241
25 641
40 311
20 541
56 31
42 451
3 231
68 251
63 11
74 811
54 521
67 661
57 801
38 471
32 741
6 451
69 441
7 801
4 151
77 101
84 381
16 611
41 151
90 491
1 999999
