100 1455
101 3800
102 1258
103 751
104 897
105 2701
106 878
107 1514
108 2086
109 917
110 5961
111 1591
112 674
113 5198
114 3795
115 822
116 746
117 2211
118 10148
119 2594
120 685
121 884
122 1688
123 869
124 859
125 657
126 2711
127 6522
128 699
129 2508
130 1119
131 737
132 841
133 896
134 3007
135 721
136 33084
137 1510
138 1027
139 2117
140 1274
141 763
142 915
143 746
144 2993
145 1320
146 2738
147 1206
148 970
149 1490
150 8615
151 1375
152 2085
153 1818
154 3540
155 889
156 747
157 1280
158 1152
159 2619
160 1307
161 4513
162 1943
163 15343
164 740
165 1179
166 755
167 879
168 990
169 10396
170 1833
171 1764
172 2022
173 1069
174 2082
175 1275
176 886
177 1058
178 1313
179 6596
180 702
181 1145
182 1036
183 10194
184 706
185 726
186 1205
187 859
188 2048
189 7139
190 1541
191 824
192 952
193 922
194 8679
195 901
196 2763
197 4786
198 3038
199 1230
256894 261558
19883 22884
253831 255187
195100 198789
82884 87014
204906 208974
103016 107330
243333 244259
690878 695309
276093 277081
383425 383680
490321 494117
104287 108384
469774 470132
392317 393609
7170 10571
328152 332277
383262 387232
163126 164635
529147 533889
181554 183309
583860 586022
812804 816216
685091 685867
135807 136257
674244 676589
52800 53947
301137 301886
453468 454655
239772 240139
991175 992736
615704 619071
134206 136772
955872 958967
872745 873669
195348 196142
857059 858198
138900 139609
651151 653978
201804 206423
317376 320201
556676 558734
279007 281942
81737 85973
523558 526497
276155 278353
583965 584513
461665 465593
860315 864388
377173 382092
950885 954779
691209 695663
199441 202020
450724 452711
254197 255403
331335 334180
660320 661519
201960 206851
237066 237782
174015 178398
532246 536654
716939 719647
203655 207240
968182 971582
119237 120957
291452 293468
264448 269108
893427 894859
598867 602032
494860 497241
798061 802165
597173 599821
196459 199623
742042 743806
118836 120576
495474 497532
109936 114585
202221 206543
305939 307833
173676 177270
849139 851004
615273 616738
763247 765536
554137 554353
613417 615426
620269 624752
10798 11870
825334 828373
157246 160778
47049 50867
106959 107695
495422 497300
633826 636456
763392 767170
349587 349905
511105 511875
49648 51113
696221 697075
1141 2506
35323 35689
480653 485193
134578 135871
586686 587575
667938 668778
131872 132863
363000 366860
457542 460767
133178 135770
174109 178834
797400 800146
129316 129560
621508 626049
105269 109941
581424 583740
169478 174534
458679 465892
411321 412967
755977 764953
910015 910216
563616 572850
837430 838670
941917 951505
128718 137598
302459 306584
832174 835564
522207 530782
587532 596575
55177 57584
448503 449681
509336 509878
108903 111254
744444 744586
841673 847537
721551 723582
474349 480322
169775 175340
225756 228724
323034 332414
934136 936582
370000 379172
402734 411363
7192 9417
383753 389643
404458 411463
409127 414970
651615 658203
514388 515435
315394 324676
417752 425188
161822 168170
324444 329891
254401 260865
697724 705261
351219 356971
580276 586077
815128 816236
420158 424595
884065 884334
646034 646757
450152 457035
614271 618647
83129 84106
98391 104383
56759 66710
592920 601512
336842 341694
368623 371285
569937 576039
313561 314005
14140 23675
597034 602378
26586 26889
90804 97806
558537 562415
470377 478874
552334 553633
122357 125765
264939 265809
214240 218932
337181 340915
24159 33993
251674 258889
736229 740085
213421 221798
242831 250524
289474 297757
698128 699570
520676 521385
949408 953139
229783 234718
836741 844998
512260 518410
37895 39864
412739 414520
779259 780031
622289 623193
350411 353462
7691 12128
10879 499467
8707 499188
49733 498488
30661 498303
29514 496970
17491 496318
36565 495306
46258 495140
27040 495132
49344 494918
12605 494521
30081 494347
49051 494059
12229 493917
16869 492169
37022 491406
27131 491389
46648 491251
37018 491117
14399 490741
27847 490550
10192 490297
29796 490263
37834 490239
31556 489899
33400 489619
16487 489347
29458 489208
41430 488988
31286 488978
34450 488989
10354 488872
19205 487664
981 487532
18379 486723
3886 486670
24647 485914
8569 484538
35559 484108
12480 482514
39327 481001
21885 480986
2864 480642
37219 479888
29744 479494
27889 479186
27624 479009
26289 478936
33348 478435
36843 478351
33071 477613
32814 476939
31750 476534
44290 476009
33214 474684
31180 473443
35994 471677
24168 471017
20812 469499
7991 469156
15228 468971
854 468522
39860 468436
27554 468365
9641 468262
38376 468011
29992 467039
8239 466803
16779 466105
34138 465863
